400.7
403.0
404.8
406.8
408.7
410.5
413.4
416.9
421.5
426.7
431.5
435.5
439.3
443.2
447.4
451.5
455.5
459.6
463.4
468.0
472.4
477.1
481.7
486.2
490.4
494.6
498.9
503.1
508.0
512.5
517.0
521.6
526.1
530.1
534.2
538.4
542.5
546.8
551.0
555.3
559.6
563.9
568.1
572.7
576.6
580.5
584.4
588.6
592.9
597.1
601.4
606.0
610.5
614.7
619.4
623.5
627.9
632.0
636.0
640.2
644.5
648.8
653.2
657.3
661.6
665.9
670.1
674.0
678.0
682.0
685.6
689.4
692.9
696.5
699.9
703.3
706.7
709.9
713.2
716.9
720.1
723.7
726.4
729.2
732.6
735.9
738.3
