400.9
403.2
405.3
407.1
408.9
410.9
413.5
417.6
422.2
427.4
432.0
436.4
440.2
444.2
448.5
452.5
456.7
460.6
464.8
469.2
473.8
478.7
483.2
487.6
491.8
496.0
500.5
505.0
509.5
514.4
518.7
523.4
527.7
531.6
535.8
539.7
544.2
548.3
552.8
557.0
561.5
565.6
569.8
573.6
577.3
581.4
585.3
589.6
593.5
598.1
602.3
607.0
611.5
616.0
620.4
624.7
628.9
633.0
637.3
641.3
645.8
649.8
654.4
658.6
662.9
667.0
671.3
675.4
679.3
683.2
686.9
690.3
694.1
697.6
701.0
704.4
707.9
711.2
714.4
717.9
720.9
724.4
728.3
730.5
734.0
737.2
740.0
